16
0 0 0 4.5 255 255 255
0 0 0 3.5 0 255 0
4 0 0 1.5 0 0 255
-4 0 0 1.5 0 0 255
0 4 0 1.5 0 0 255
0 -4 0 1.5 0 0 255
0 0 4 1.5 0 0 255
0 0 -4 1.5 0 0 255
2.3 2.3 2.3 1.5 0 0 255
2.3 2.3 -2.3 1.5 0 0 255
2.3 -2.3 2.3 1.5 0 0 255
2.3 -2.3 -2.3 1.5 0 0 255
-2.3 2.3 2.3 1.5 0 0 255
-2.3 2.3 -2.3 1.5 0 0 255
-2.3 -2.3 2.3 1.5 0 0 255
-2.3 -2.3 -2.3 1.5 0 0 255
- -2 3
- -3 4
- -4 5
- -5 6
- -6 7
- -7 8
- -8 9
- -9 10
- -10 11
- -11 12
- -12 13
- -13 14
- -14 15
- -15 16
- 1 2
