16
0 0 0 4.5 255 255 255
0 0 0 3.5 0 255 0
4 0 0 1.5 0 0 255
-4 0 0 1.5 0 0 255
0 4 0 1.5 0 0 255
0 -4 0 1.5 0 0 255
0 0 4 1.5 0 0 255
0 0 -4 1.5 0 0 255
2.3 2.3 2.3 1.5 0 0 255
2.3 2.3 -2.3 1.5 0 0 255
2.3 -2.3 2.3 1.5 0 0 255
2.3 -2.3 -2.3 1.5 0 0 255
-2.3 2.3 2.3 1.5 0 0 255
-2.3 2.3 -2.3 1.5 0 0 255
-2.3 -2.3 2.3 1.5 0 0 255
-2.3 -2.3 -2.3 1.5 0 0 255
- 1 2
- -1 3
- -2 4
- -3 5
- -4 6
- -5 7
- -6 8
- -7 9
- -8 10
- -9 11
- -10 12
- -11 13
- -12 14
- -13 15
- -14 16

